10.000	-53.090
111.000	-52.805
212.000	-54.051
313.000	-30.217
414.000	-24.109
515.000	-5.613
615.000	-19.839
716.000	-15.394
817.000	-15.562
918.000	-21.228
1019.000	-9.298
1120.000	-22.696
1221.000	-23.872
1322.000	-13.692
1423.000	-27.473
1524.000	-22.792
1625.000	-25.366
1725.000	-29.740
1826.000	-11.708
1927.000	-30.870
2028.000	-29.326
2129.000	-24.493
2230.000	-32.948
2331.000	-24.932
2432.000	-31.673
2533.000	-33.718
2634.000	-15.364
2735.000	-34.642
2835.000	-32.182
2936.000	-28.789
3037.000	-36.178
3138.000	-27.368
3239.000	-34.219
3340.000	-36.129
3441.000	-17.985
3542.000	-36.899
3643.000	-34.369
3744.000	-30.455
3845.000	-37.881
3945.000	-28.730
4046.000	-35.563
4147.000	-36.664
4248.000	-21.138
4349.000	-37.119
4450.000	-33.300
4551.000	-32.053
4652.000	-36.951
4753.000	-24.921
4854.000	-34.889
4955.000	-35.228
5055.000	-22.488
5156.000	-35.011
5257.000	-31.458
5358.000	-29.134
5459.000	-35.252
5560.000	-27.716
5661.000	-32.116
5762.000	-35.204
5863.000	-22.609
5964.000	-34.418
6065.000	-35.126
6165.000	-22.837
6266.000	-37.111
6367.000	-34.043
6468.000	-31.688
6569.000	-38.931
6670.000	-30.640
6771.000	-37.216
6872.000	-39.349
6973.000	-25.847
7074.000	-40.523
7175.000	-38.149
7275.000	-35.019
7376.000	-41.653
7477.000	-33.601
7578.000	-39.945
7679.000	-41.306
7780.000	-28.206
7881.000	-42.030
7982.000	-39.410
8083.000	-33.565
8184.000	-42.675
8285.000	-38.047
8385.000	-38.858
8486.000	-43.731
8587.000	-34.349
8688.000	-42.332
8789.000	-43.918
8890.000	-32.359
8991.000	-44.738
9092.000	-42.921
9193.000	-39.005
9294.000	-45.677
9395.000	-39.820
9495.000	-43.488
9596.000	-38.455
9697.000	-35.047
9798.000	-45.408
9899.000	-44.856
10000.000	-37.084
